00000000000000000000
000               00
0                 00
0                 00
0   0 0           00
0               0000
0 00   0 0 00      0
0      0 0  0      0
0           0      0
0           000    0
0      0           0
0     00          00
00                 0
00          0000   0
000        00  0   0
00             00  0
00   000           0
00  00 0           0
00   0 000         0
00       0        00
00       0         0
000      00        0
0       0000       0
0          00   0000
0    R           000
0  000             0
0    0             0
0    0        0    0
0    00  00   00   0
00000000000000000000